XOR 2 1 2
OROUT 13 3 4 5 27 28 29 51 52 53 75 76 77 1
OROUT 13 6 7 8 30 31 32 54 55 56 78 79 80 2
XOR 2 3 9
XOR 2 4 10
XOR 2 5 11
XOR 2 6 12
XOR 2 7 13
XOR 2 8 14
OR 3 -3 -15 -6
OR 3 -3 -16 -7
OR 3 -3 -17 -8
OR 3 -4 -18 -7
OR 3 -4 -19 -8
OR 3 -5 -20 -8
OR 3 -3 -4 -21
OR 3 -4 -5 -22
OR 3 -4 -5 -23
OR 3 -6 -7 -24
OR 3 -6 -8 -25
OR 3 -7 -8 -26
XOR 2 27 33
XOR 2 28 34
XOR 2 29 35
XOR 2 30 36
XOR 2 31 37
XOR 2 32 38
OR 3 -27 -39 -30
OR 3 -27 -40 -31
OR 3 -27 -41 -32
OR 3 -28 -42 -31
OR 3 -28 -43 -32
OR 3 -29 -44 -32
OR 3 -27 -28 -45
OR 3 -27 -29 -46
OR 3 -28 -29 -47
OR 3 -30 -31 -48
OR 3 -30 -32 -49
OR 3 -31 -32 -50
XOR 2 51 57
XOR 2 52 58
XOR 2 53 59
XOR 2 54 60
XOR 2 55 61
XOR 2 56 62
OR 3 -51 -63 -54
OR 3 -51 -64 -55
OR 3 -51 -65 -56
OR 3 -52 -66 -55
OR 3 -52 -67 -56
OR 3 -53 -68 -56
OR 3 -51 -52 -69
OR 3 -51 -53 -70
OR 3 -52 -53 -71
OR 3 -54 -55 -72
OR 3 -54 -56 -73
OR 3 -55 -56 -74
XOR 2 75 81
XOR 2 76 82
XOR 2 77 83
XOR 2 78 84
XOR 2 79 85
XOR 2 80 86
OR 3 -75 -87 -78
OR 3 -75 -88 -79
OR 3 -75 -89 -80
OR 3 -76 -90 -79
OR 3 -76 -91 -80
OR 3 -77 -92 -80
OR 3 -75 -76 -93
OR 3 -75 -77 -94
OR 3 -76 -77 -95
OR 3 -78 -79 -96
OR 3 -78 -80 -97
OR 3 -79 -80 -98